4.5	3033
4.464598134454594	12293
4.422818791946309	16147
4.418618618618619	14283
4.414830736163353	1256
4.410690051153565	5760
4.38388625592417	7569
4.372822299651568	4238
4.35288414929714	14648
4.339868147120056	3290
4.339148474704135	10947
4.318296583066823	10080
4.318181818181818	7016
4.283419689119171	17085
4.234884732492388	3928
4.234758013827781	4207
4.230476707863643	12184
4.218554861730597	15557
4.198757763975156	7445
4.195422535211268	634
4.190243902439025	4129
4.188855806039983	15836
4.188522392062215	5326
4.188294241522039	2290
4.181549087321164	5700
4.179767103347889	577
4.158355998791175	15183
4.14954262229882	11812
4.138193688792166	12125
4.112863327149041	2430
4.111111111111111	8933
4.103368832862421	8596
4.096069868995633	12100
4.079979360165119	359
4.071815611748076	6971
4.070948697068404	9528
4.070422535211268	16022
4.066029318036966	14185
4.056701030927835	14859
4.051787016776076	2861
4.0476190476190474	15480
4.047438894792774	4640
4.040431266846361	722
4.03921568627451	12589
4.036053130929791	712
4.0359281437125745	6756
4.030737704918033	12946
4.027888446215139	14361
4.025768087215065	13835
4.023008849557522	11236
4.01758182309981	14320
4.0124031007751935	4468
4.012064343163539	907
4.00181334622824	2913
3.996415770609319	11088
3.9944444444444445	7147
3.9929453262786594	7577
3.991390388075045	4847
3.98937784522003	11391
3.9814432989690722	5898
3.9813084112149535	7400
3.9724182168056448	14086
3.966386554621849	7903
3.9663373050469826	8915
3.9655396618985694	17536
3.965050240279598	2532
3.961366181410974	12298
3.959992486851991	3742
3.9590494926485813	13614
3.9576746557878635	8678
3.951101321585903	15568
3.950100163904571	14198
3.949662369551872	16349
3.948717948717949	12755
3.9479015918958034	10757
3.9472843450479234	14496
3.9471830985915495	5577
3.944621938232162	3269
3.9394381612550164	6085
3.9365404298874105	395
3.9340425531914893	11124
3.9329237071172556	2601
3.9307722157547538	9689
3.930538172715895	4405
3.927036333412491	13636
3.9168362030466928	2660
3.912310286677909	8072
3.911764705882353	7516
3.9106382978723406	12159
3.9105145413870246	12855
3.909952606635071	10321
3.9094693028095735	15475
3.90920245398773	417
3.909090909090909	10743
3.9056056701030926	13015
3.904315196998124	8654
3.8982035928143715	9046
3.8979591836734695	3032
3.8972388955582233	15662
3.8956043956043955	4868
3.893343713507201	13964
3.8793478260869567	10686
3.8780487804878048	16252
3.877049180327869	1213
3.876889848812095	7537
3.873015873015873	5369
3.86981493299298	10662
3.8693181818181817	2506
3.8678861788617884	13878
3.866863905325444	2985
3.8617092119866814	9946
3.8592332455370206	10255
3.858267716535433	16555
3.8547008547008548	6939
3.853107344632768	7334
3.849246231155779	642
3.8474443245364465	442
3.8436383928571427	851
3.842528735632184	1488
3.8407185628742515	10774
3.8392857142857144	5945
3.8381795195954487	992
3.8375307125307123	17324
3.835920177383592	3147
3.8333333333333335	14941
3.83125	7505
3.830655129789864	11237
3.8303501945525293	7812
3.8289634146341465	443
3.825652594263616	13927
3.825262444971216	8677
3.8246204278812974	9728
3.822429906542056	8951
3.8191489361702127	13877
3.817569667460893	5025
3.813965517241379	8526
3.8132559264634738	4049
3.8125	12488
3.8124031007751937	2503
3.8111702127659575	9567
3.8090874379534174	8107
3.807785888077859	595
3.807017543859649	2928
3.8067680235409513	10851
3.8042813455657494	6650
3.804195804195804	17087
3.802730883813307	1744
3.8013020096235492	6408
3.8	12952
3.799465240641711	14807
3.799382716049383	11839
3.7971014492753623	15276
3.7929889298892987	10734
3.790550018456995	2342
3.7887563884156727	6093
3.7877358490566038	14537
3.7851251627839675	3285
3.780907668231612	11292
3.780475467880627	13107
3.779868297271872	16311
3.7796373779637378	6424
3.779324055666004	16784
3.7782738095238093	3733
3.775934253372616	2212
3.7746870653685676	11965
3.7738095238095237	5408
3.7713139418254764	14272
3.766271289537713	17174
3.765957446808511	13608
3.7650273224043715	9701
3.764705882352941	6522
3.764705882352941	14800
3.7630208333333335	17182
3.761904761904762	9337
3.760127409343352	28
3.76	10077
3.759450171821306	11637
3.757298661713578	1202
3.754863813229572	10354
3.7545219638242893	12822
3.7540192926045015	14372
3.7513966480446927	14216
3.7491103202846974	5294
3.748523206751055	518
3.7480869670836876	12246
3.7471264367816093	10692
3.744930629669157	3232
3.7434338521400776	2043
3.7418032786885247	15152
3.7387173396674585	7387
3.734351145038168	11688
3.729452756712441	1123
3.7279547249276126	11888
3.7278617710583153	14904
3.727130570758405	16731
3.726266643610583	3541
3.7261099495756977	6287
3.7231833910034604	13377
3.7221119028150915	16150
3.719178082191781	2110
3.716227018385292	5963
3.715162138475022	17411
3.7151515151515153	3702
3.7151162790697674	2808
3.71484375	16854
3.7147117296222665	3685
3.713235294117647	8770
3.712776626328809	12280
3.7086092715231787	13686
3.707317073170732	8029
3.7058823529411766	4385
3.7045454545454546	12824
3.703125	7823
3.7029737206085755	10561
3.702819956616052	10792
3.702470461868958	14096
3.699913018266164	4496
3.699578848853533	9805
3.6981818181818182	8354
3.696562032884903	2955
3.6965174129353233	7638
3.6965174129353233	1500
3.6959208899876392	15464
3.695804195804196	13186
3.6921797927173974	1615
3.691011235955056	15676
3.687263556116015	3170
3.683771815576973	14716
3.68349358974359	13561
3.682926829268293	16986
3.682828282828283	9747
3.682730923694779	9028
3.682634730538922	9993
3.682526456128656	10428
3.6805349182763742	14506
3.679611650485437	2160
3.6779661016949152	17348
3.677804944308612	12292
3.676605504587156	9819
3.6763005780346822	2954
3.675925925925926	17515
3.6751269035532994	6892
3.6750806338521946	2755
3.673435784851811	12875
3.6721471305118545	4432
3.6715686274509802	15428
3.6659991990388465	2015
3.6657276995305166	2418
3.6629303442754204	7763
3.661899897854954	2130
3.661717804904872	5562
3.6596858638743455	1644
3.6574109982160863	9481
3.655786350148368	9202
3.655357142857143	15716
3.6486486486486487	5699
3.6481524789522917	1425
3.647345942647956	2643
3.646551724137931	1564
3.6436363636363636	12178
3.642885375494071	12639
3.6422032464035694	8851
3.640625	14429
3.6386138613861387	9324
3.638433003597122	12778
3.6377952755905514	14720
3.6371610845295055	6190
3.6369230769230767	8017
3.636141636141636	3107
3.634782608695652	3057
3.633587786259542	7801
3.632384596986367	11613
3.6323529411764706	3301
3.6311053984575836	14808
3.6297297297297297	12793
3.6296296296296298	6281
3.6273374888691006	14983
3.62448132780083	17642
3.624064837905237	3955
3.6231884057971016	4768
3.62120189061445	13270
3.6206482593037217	48
3.6198466956701885	5970
3.61984392419175	15378
3.61958885155169	5656
3.619047619047619	3164
3.613933236574746	16329
3.6115702479338845	16545
3.6096153846153847	2756
3.6094359702021994	3590
3.6086036671368125	16705
3.6084656084656084	10104
3.6077235772357725	11567
3.606918238993711	7736
3.606761565836299	6228
3.6058431573552023	8825
3.603943661971831	6110
3.6038135593220337	7557
3.6031496062992128	12627
3.6014669926650367	12812
3.598173515981735	6220
3.5980392156862746	9482
3.5977620087336244	16707
3.5975541967759868	10747
3.5958188153310107	7148
3.5951105157401204	13651
3.5947955390334574	3914
3.594519459888801	13934
3.5925925925925926	12544
3.59236276849642	14072
3.5904907975460123	6912
3.58972602739726	16629
3.5889655172413795	13046
3.5876728259465045	4849
3.5874547647768398	16670
3.5866243535496003	13887
3.5862808145766345	1848
3.5861652115513767	13451
3.5860717515827556	4627
3.5860091743119265	11651
3.5854922279792745	12607
3.585219547308646	5727
3.584205803170805	14248
3.584192439862543	3073
3.58408659747796	14457
3.583491509772739	7511
3.5834256183093394	3903
3.5833333333333335	15629
3.5820056232427366	14430
3.581993569131833	16246
3.581932773109244	15911
3.578978273634762	14407
3.5789333687990426	14144
3.577405857740586	17310
3.5727775218793183	2640
3.572463768115942	16342
3.5706521739130435	267
3.569340932339617	361
3.569037656903766	8085
3.568681318681319	6389
3.5681331747919143	5327
3.5681233933161955	15201
3.5678762918641698	5069
3.5660749506903353	15507
3.5636042402826855	15033
3.5625246548323473	13326
3.5598885793871866	13912
3.558139534883721	11007
3.5572232645403377	7973
3.556094182825485	8699
3.5550586364539853	1901
3.554756974052869	3274
3.5526315789473686	12180
3.5515625	14732
3.550561797752809	7382
3.5490654205607477	6541
3.54739652870494	10576
3.5465739821251243	15496
3.5455801104972378	4005
3.5441308793456034	1832
3.544108313941189	12894
3.543450881612091	15841
3.54304979253112	3740
3.543026874115983	16286
3.5423853211009173	6872
3.5417024935511607	16153
3.5416666666666665	4518
3.54017094017094	4224
3.540155440414508	507
3.5400927766732937	10903
3.539093333333333	7145
3.5355994487827287	11307
3.533101045296167	6566
3.5325355272999253	5958
3.5323565323565322	14643
3.5320041972717733	9681
3.530666666666667	1757
3.5306122448979593	9854
3.5303030303030303	2886
3.529607250755287	15657
3.5288442211055275	14459
3.5273722627737225	2168
3.527027027027027	5026
3.526315789473684	16091
3.5260416666666665	17423
3.525891472868217	11638
3.5257452574525745	12413
3.52490744950315	3538
3.52343059239611	12795
3.5233019070066423	11182
3.522300958732805	7406
3.5221171233829462	14209
3.5217391304347827	16733
3.52157943067034	11884
3.521553563807085	16889
3.521276595744681	11824
3.5208333333333335	3941
3.5195835399107587	6177
3.518939393939394	10800
3.5185185185185186	409
3.5183673469387755	14492
3.518361581920904	12623
3.5179972311952006	2905
3.5173342308986872	13477
3.5166666666666666	12993
3.516304347826087	5206
3.515057915057915	3054
3.51440329218107	916
3.5124877571008817	5149
3.5117595818815333	15257
3.511627906976744	12482
3.510105938109841	3165
3.50765306122449	10810
3.505434782608696	15982
3.505281690140845	10284
3.503008423586041	11851
3.5028248587570623	626
3.502688172043011	305
3.5021158263813326	16082
3.5	5143
3.5	1825
3.5	9691
3.5	2682
3.5	13099
3.499784203711696	9310
3.4975462438656097	3355
3.4958677685950414	3559
3.4953271028037385	11295
3.4942886812045693	6666
3.493752002563281	1367
3.4905335628227196	8039
3.4904214559386975	5813
3.4897119341563787	13909
3.4896142433234423	725
3.4861720389090216	8428
3.4861683343143026	15816
3.4854700854700855	960
3.4838709677419355	1444
3.4829268292682927	2083
3.482876712328767	1076
3.4818062253397635	12538
3.481707317073171	5883
3.4814814814814814	1061
3.48019801980198	4963
3.48019801980198	229
3.4754299754299756	17290
3.475	7916
3.474462365591398	4552
3.4744351961950057	16982
3.4735532047293094	6529
3.4722222222222223	9199
3.470972116281041	3893
3.4669672613213094	11829
3.4661354581673307	6400
3.464063886424135	2757
3.463443396226415	14258
3.4629144851657943	14335
3.4615384615384617	3281
3.4598684210526316	636
3.458823529411765	7681
3.4561431160847977	4932
3.4553941908713695	8493
3.4550682961897916	1134
3.453781512605042	13831
3.4537444933920707	4008
3.4532760472610096	15855
3.4531330251669234	15246
3.4529262086513994	6172
3.452830188679245	11786
3.4523489932885907	15772
3.451359084406295	8781
3.450199203187251	17522
3.4488636363636362	3568
3.4479166666666665	12634
3.4460059171597632	14177
3.445546622115485	13787
3.4453109378124376	15449
3.4452296819787986	16554
3.4450074515648286	2375
3.4444444444444446	5284
3.4435695538057742	9699
3.4428234600648393	17574
3.4409613375130617	7186
3.436893203883495	8977
3.432584269662921	13783
3.43202416918429	4902
3.4313529705441836	17725
3.429951690821256	4299
3.4290657439446366	16931
3.4288171473934903	16262
3.4285714285714284	16993
3.427325581395349	8315
3.425925925925926	7858
3.4256212810640534	7517
3.4251134644478065	9672
3.4235294117647057	13633
3.4232715008431702	16797
3.4229722373434948	4485
3.422716049382716	15576
3.422145328719723	5556
3.422062350119904	6066
3.421216848673947	8703
3.4208991723100075	8512
3.420459122029803	8163
3.420289855072464	10195
3.418896833503575	6482
3.4183673469387754	7244
3.417124809919289	1803
3.4164948453608246	15040
3.416452442159383	8166
3.416015625	6556
3.41421143847487	14810
3.414186710150836	638
3.4135966578047854	681
3.412403100775194	13055
3.4110050533408196	5943
3.4108527131782944	12852
3.409536541889483	14505
3.4092446448703493	10750
3.409090909090909	1967
3.4074074074074074	12046
3.406113537117904	16559
3.4055360812280915	9617
3.404884488448845	16606
3.4048682447521217	1853
3.40421755924418	10889
3.404166666666667	12291
3.40354609929078	6336
3.4026152787336543	15592
3.40251572327044	5941
3.40251572327044	2103
3.4013360739979444	9237
3.40106201171875	14484
3.4	17626
3.4	15085
3.4	7283
3.3992537313432836	17624
3.399103139013453	12230
3.3975849731663685	15955
3.3963133640552994	9997
3.395348837209302	6946
3.3945349054838108	9043
3.39375	11056
3.391304347826087	6131
3.3912346338856225	3587
3.391089108910891	12757
3.3905200298581737	5607
3.3899392689354877	9798
3.3891559026734757	6911
3.3854748603351954	237
3.3823933975240714	6226
3.3823529411764706	13802
3.379432624113475	11107
3.3793103448275863	6714
3.377551020408163	8392
3.3773584905660377	13899
3.3770661157024793	15160
3.3763473053892215	6523
3.375929752066116	3824
3.375894616741002	11673
3.374645605508303	12391
3.374485596707819	15992
3.3739545997610514	12423
3.3727782302496045	15582
3.3724214829957257	15409
3.3720703125	4441
3.3705926481620403	3638
3.370242214532872	3200
3.3690958164642377	7919
3.3684210526315788	12948
3.3663194444444446	4189
3.3658536585365852	2039
3.364543450516301	12661
3.3641975308641974	2243
3.3636363636363638	8842
3.3624420401854715	1851
3.361610968294773	11887
3.357142857142857	17196
3.356760886172651	14199
3.3555678059536933	10024
3.3551912568306013	3546
3.3549920760697307	7262
3.354724757138652	156
3.3539119804400976	15830
3.351005484460695	16444
3.346092503987241	16162
3.3452440239043826	17558
3.343447850236577	16788
3.342857142857143	9297
3.3415637860082303	10959
3.338748532954475	13298
3.3382113821138213	3237
3.3373493975903616	13387
3.3372379778051786	17104
3.3355048859934855	1629
3.3353137764574825	7257
3.333979641299079	4546
3.3333333333333335	16540
3.332764505119454	14075
3.331989924433249	12336
3.3307086614173227	3498
3.3301930147058822	16869
3.330188679245283	12348
3.3297413793103448	6748
3.3296177558569666	12232
3.328828828828829	11902
3.328185328185328	8096
3.328045325779037	13328
3.3275432658535027	13748
3.3271461716937356	9717
3.3266707046234605	1046
3.3264563106796117	15515
3.3262247838616714	14013
3.324324324324324	647
3.3241070403123922	1305
3.322972972972973	7571
3.322463768115942	9423
3.321525885558583	17107
3.3208995787471123	12497
3.317658349328215	10019
3.3145187601957584	11732
3.3141831238779176	5272
3.3140495867768593	16410
3.31390134529148	3760
3.3133333333333335	13587
3.3120947523126136	10429
3.3117782909930717	14070
3.3085106382978724	13744
3.3076923076923075	10836
3.3073593073593073	15567
3.3068181818181817	9945
3.30672268907563	5008
3.3066361556064074	2512
3.3043478260869565	12504
3.3020637898686678	11614
3.299382716049383	4257
3.296875	9607
3.2962962962962963	9130
3.295996001554951	3151
3.2946236559139783	9831
3.292207792207792	9230
3.2916666666666665	10578
3.29137822529893	3253
3.2903225806451615	7776
3.2900763358778624	9843
3.2899484536082473	5877
3.2890995260663507	14560
3.2888888888888888	7137
3.2887402452619843	6318
3.288702928870293	16396
3.2871621621621623	14234
3.2857142857142856	17337
3.2857142857142856	9973
3.2848751835535976	12760
3.2848484848484847	17056
3.2818791946308723	14930
3.2808360317927585	17358
3.2807910426057876	1406
3.2803986710963455	4144
3.2786277236903105	15532
3.277782918478764	4761
3.2758620689655173	7408
3.275735294117647	850
3.274994332350941	2866
3.274074074074074	11261
3.2736842105263158	17523
3.273469387755102	12010
3.26951871657754	6917
3.267605633802817	9640
3.265957446808511	15714
3.265957446808511	15214
3.2650602409638556	12421
3.2648221343873516	6985
3.2629399585921326	3613
3.2629310344827585	655
3.2625661375661377	10733
3.2606382978723403	8128
3.2606060606060607	4119
3.260135135135135	2794
3.259552042160738	949
3.259259259259259	5485
3.2586206896551726	11284
3.2585812356979407	15529
3.256921373200443	15516
3.25685903500473	15808
3.2567432567432566	15929
3.256076388888889	10835
3.2558439881183006	1983
3.2552083333333335	606
3.2540983606557377	17706
3.251753469631398	2460
3.2517482517482517	2492
3.246913580246914	14244
3.2457989176872686	2104
3.245398773006135	6086
3.2452830188679247	17616
3.244075829383886	15962
3.242587601078167	16335
3.2416974169741697	15410
3.240694789081886	16741
3.2383488681757657	849
3.231034482758621	16247
3.2289635247381727	4943
3.22840454964648	14154
3.228371278458844	11442
3.228187919463087	15222
3.22726368159204	4586
3.2253521126760565	1868
3.225081890500702	9517
3.225	15469
3.2238805970149254	14089
3.223705285638014	6234
3.223404255319149	14826
3.223122866894198	11837
3.223095051060487	6988
3.2222222222222223	7747
3.2222222222222223	1523
3.2203389830508473	12372
3.2203389830508473	10943
3.219544491525424	3135
3.2195121951219514	4876
3.2184873949579833	7273
3.2181818181818183	10350
3.21671826625387	7247
3.216666666666667	14171
3.2154696132596685	3143
3.214403600900225	2528
3.2143233280674037	11025
3.2142857142857144	13989
3.213917525773196	9752
3.2133333333333334	11238
3.2132851333032084	2352
3.2130764740221833	17653
3.2102793296089387	16948
3.2100840336134455	4061
3.2099447513812156	6543
3.209941829719725	2518
3.2095238095238097	7551
3.209225700164745	718
3.209142295404276	11775
3.208029197080292	13604
3.2058823529411766	17741
3.2055612418969637	10712
3.2037037037037037	3149
3.2035398230088497	6395
3.2023297037224614	1482
3.2015198423867153	16790
3.198675496688742	6901
3.1978592280246514	1668
3.196969696969697	10349
3.1968911917098444	15165
3.1960098004900246	4064
3.195804195804196	12977
3.1944444444444446	2925
3.1920199501246884	4840
3.190984578884935	16770
3.1900452488687785	15071
3.189969604863222	11563
3.189655172413793	11240
3.188073394495413	15251
3.1875	15331
3.1871345029239766	1609
3.1864406779661016	2818
3.1846153846153844	4268
3.1844262295081966	2597
3.183673469387755	7721
3.183673469387755	923
3.1833534378769603	16046
3.1818181818181817	3943
3.1799163179916317	2773
3.1785714285714284	9890
3.177142857142857	14738
3.1769230769230767	8849
3.17687074829932	12912
3.1766945925361765	8162
3.1765704584040746	2789
3.176470588235294	15371
3.176056338028169	2544
3.1743772241992882	6014
3.171875	2355
3.1707317073170733	865
3.1703125	5799
3.1699346405228757	16685
3.1666666666666665	16915
3.1637852593266604	13489
3.1636363636363636	11616
3.162330623306233	11213
3.1619718309859155	8488
3.161290322580645	10589
3.160919540229885	3706
3.1595744680851063	17650
3.1591160220994476	3229
3.1584158415841586	5361
3.158314522197141	14712
3.156716417910448	17020
3.1552511415525113	259
3.1531322505800463	4122
3.1515151515151514	9767
3.150943396226415	3044
3.1487455197132617	13674
3.142857142857143	1779
3.141881240147136	15712
3.141304347826087	13838
3.1398134285385235	7991
3.1372549019607843	11348
3.1348448687350836	3734
3.1339335959482275	14088
3.1336263736263734	3743
3.132596685082873	5640
3.1320754716981134	11021
3.1311475409836067	4513
3.129032258064516	5849
3.1280487804878048	14503
3.1279761904761907	3492
3.125	7030
3.123896562467546	12243
3.121556624398776	1092
3.121212121212121	4264
3.1194029850746268	11158
3.1186440677966103	1007
3.1149425287356323	7806
3.1142857142857143	6406
3.114256825075834	17561
3.1141552511415527	1559
3.1125541125541125	3243
3.1123595505617976	795
3.112189859762675	2749
3.1120689655172415	3330
3.111111111111111	7656
3.111111111111111	6932
3.109375	8692
3.1091370558375635	11806
3.108695652173913	15115
3.108108108108108	10493
3.1080862533692724	2251
3.107142857142857	3329
3.106060606060606	11003
3.1052631578947367	8561
3.104651162790698	6619
3.1030927835051547	7188
3.1030927835051547	16157
3.1025641025641026	2707
3.101826792963464	17338
3.1010452961672472	5336
3.100250626566416	7544
3.1	6215
3.1	5142
3.0991735537190084	13563
3.098976109215017	16975
3.0982125696713436	1104
3.0979133226324236	9256
3.0961538461538463	4215
3.0945454545454547	5129
3.093525179856115	2106
3.0933734939759034	11197
3.0925925925925926	1313
3.0921052631578947	15338
3.090909090909091	16021
3.089795918367347	17447
3.08955223880597	92
3.0892857142857144	3084
3.0869565217391304	5267
3.0842671447781265	6291
3.0836909871244633	16344
3.0835734870317	15122
3.0833333333333335	16689
3.081221880179967	12275
3.0808314087759814	930
3.0806451612903225	6965
3.076923076923077	816
3.073189522342065	1260
3.073099415204678	16663
3.072992700729927	12503
3.0714285714285716	5225
3.0695652173913044	11317
3.0674139688014423	3418
3.0668591737005775	16572
3.066582385166456	4852
3.0652173913043477	13606
3.0651340996168583	8994
3.064935064935065	4445
3.0615384615384613	16902
3.060810810810811	13565
3.0602636534839927	11412
3.0601503759398496	6871
3.0597014925373136	7906
3.059572163552667	3326
3.059322033898305	7968
3.057071129707113	9131
3.056497175141243	3176
3.0564805746000654	12682
3.055636896046852	15539
3.0555555555555554	1889
3.055397727272727	7607
3.055350553505535	543
3.055104203461674	8
3.054054054054054	4190
3.054054054054054	1484
3.0529661016949152	11352
3.051948051948052	2147
3.0514541387024607	2198
3.051282051282051	15785
3.050788091068301	9824
3.049661399548533	8867
3.0483870967741935	15121
3.0476190476190474	9492
3.0468497576736673	9087
3.0462466487935655	9152
3.045714285714286	13242
3.0452261306532664	13858
3.0445475638051045	4429
3.0443037974683542	14947
3.043859649122807	13212
3.0432709937660434	1140
3.0416666666666665	17090
3.0416666666666665	12386
3.0412371134020617	10781
3.04089219330855	11463
3.0408163265306123	17454
3.040201005025126	11076
3.039840637450199	1893
3.0373038930854155	111
3.037037037037037	13110
3.036518563603165	2366
3.036029411764706	6334
3.0358744394618835	3652
3.035093938319745	15820
3.0328751857355125	1884
3.032520325203252	13601
3.0319940476190474	1455
3.0318021201413425	6593
3.031719532554257	12683
3.0316455696202533	7292
3.0307692307692307	7476
3.028045489591365	3670
3.0277777777777777	5364
3.0277777777777777	5901
3.027027027027027	9376
3.0259740259740258	12156
3.024621212121212	1432
3.024112174026995	5651
3.0239726027397262	6914
3.022727272727273	16904
3.022222222222222	13760
3.02	12422
3.01980198019802	336
3.019607843137255	14386
3.0192837465564737	3043
3.018238021638331	6013
3.0166666666666666	10127
3.0166666666666666	17304
3.0164835164835164	12170
3.0162916989914663	4346
3.016260162601626	9025
3.0157665213015767	4685
3.0142857142857142	16066
3.013833992094862	6448
3.0138292799237005	13853
3.0136986301369864	96
3.0136054421768708	4613
3.013061536779976	5814
3.011764705882353	3022
3.011627906976744	7386
3.0114942528735633	3727
3.011111111111111	15915
3.01076095311299	10926
3.00990099009901	12059
3.0095087163232965	11245
3.008670520231214	7868
3.008143779837124	5367
3.0077220077220077	9629
3.007446016381236	17654
3.0067567567567566	797
3.0064683053040104	11034
3.0051020408163267	8452
3.002995889361109	14203
3.0	16996
3.0	5552
3.0	13032
3.0	4566
3.0	14611
3.0	11838
3.0	2079
3.0	7923
3.0	1675
3.0	192
2.9971181556195967	11259
2.9961165048543688	17554
2.9958677685950414	6567
2.9940828402366866	8121
2.993939393939394	6550
2.992982456140351	13334
2.99290780141844	145
2.9927797833935017	7625
2.992686170212766	11286
2.9924924924924925	2510
2.9923664122137406	5748
2.9911075181891675	7524
2.990990990990991	13936
2.9906542056074765	2939
2.990469382892542	10721
2.988888888888889	12695
2.988776655443322	4042
2.9875	14079
2.9873417721518987	8534
2.986842105263158	16849
2.986162773396816	5897
2.9851851851851854	14392
2.984848484848485	1557
2.9842767295597485	1167
2.982483416252073	15234
2.982136540502299	11080
2.9820286323484617	11347
2.981675392670157	8889
2.980461811722913	5716
2.9768041237113403	4981
2.9767441860465116	16928
2.976499690785405	185
2.9764150943396226	17635
2.9761904761904763	3486
2.9753086419753085	9867
2.9743589743589745	380
2.9743589743589745	4858
2.973744292237443	4563
2.972972972972973	15020
2.9726027397260273	4002
2.970873786407767	15632
2.9708029197080292	3598
2.9707762557077624	16232
2.970149253731343	3977
2.9696969696969697	12202
2.9696969696969697	5921
2.9693279206134418	10846
2.96875	14518
2.96875	3359
2.9680851063829787	16494
2.968	9920
2.9672131147540983	13199
2.966666666666667	6467
2.966442953020134	885
2.9663744790918236	723
2.9646017699115044	16955
2.963670114028109	11376
2.9607843137254903	2028
2.9607843137254903	9537
2.960714285714286	9422
2.9603960396039604	834
2.9603174603174605	5425
2.9600550964187327	9421
2.9586802343509095	12798
2.9583333333333335	2552
2.9583333333333335	8008
2.956989247311828	13022
2.9566666666666666	911
2.9566210045662102	15707
2.956358911647814	10921
2.954901960784314	6230
2.954198473282443	3068
2.9541745134965476	14317
2.9539473684210527	666
2.953846153846154	13569
2.950913945368659	15223
2.949275362318841	9187
2.9491525423728815	10676
2.9485714285714284	12452
2.948453608247423	4952
2.948087431693989	3978
2.9473684210526314	10319
2.947058823529412	2053
2.945945945945946	5027
2.9454545454545453	11505
2.9444701527070802	7238
2.9442270058708413	12432
2.944055944055944	3705
2.9434187016081	9410
2.942982456140351	1146
2.942857142857143	8560
2.940909090909091	16563
2.9402985074626864	287
2.9401008477863355	12355
2.9375	15731
2.9375	9620
2.9365079365079363	8206
2.935420743639922	8448
2.9345255474452556	7067
2.9317073170731707	4160
2.9310344827586206	16627
2.930349218599267	3890
2.9300722258699934	16169
2.9297520661157024	12273
2.928759894459103	566
2.9285714285714284	15051
2.9285714285714284	909
2.9273112208892025	3220
2.927051671732523	5426
2.926829268292683	17734
2.926470588235294	11923
2.925287356321839	2859
2.925	5484
2.925	13432
2.9239130434782608	11330
2.921259842519685	852
2.920863309352518	1048
2.92	12969
2.919938414164742	2988
2.9195767195767197	452
2.9193548387096775	16231
2.919254658385093	9817
2.9186991869918697	12920
2.918269230769231	16127
2.9178082191780823	2666
2.9160305343511452	2014
2.9158390628978865	8384
2.9152542372881354	17074
2.914285714285714	12847
2.911214953271028	7495
2.9111367570686673	8051
2.91025641025641	10845
2.91	1731
2.9099216710182767	1600
2.908387496131229	2284
2.9081632653061225	15228
2.9078947368421053	5062
2.9072164948453607	17640
2.9065420560747666	15691
2.9047619047619047	16408
2.903225806451613	3069
2.9027291812456264	122
2.9019933554817277	1252
2.9	510
2.9	7437
2.899159663865546	174
2.898550724637681	6680
2.8981042654028437	7077
2.8979591836734695	14189
2.895104895104895	7022
2.8947368421052633	13289
2.892156862745098	14722
2.890322580645161	15981
2.888888888888889	6979
2.888	12709
2.885321100917431	16300
2.8846153846153846	7698
2.8840579710144927	4128
2.8830400709744195	14137
2.88302752293578	15153
2.8813559322033897	4439
2.8802345058626466	13288
2.879184861717613	3944
2.8787185354691074	4918
2.8767123287671232	6663
2.875912408759124	1356
2.8758620689655174	8905
2.875	11098
2.874125874125874	10939
2.8737864077669903	12775
2.870967741935484	15648
2.870514820592824	9875
2.869839200347675	6347
2.8697711128650356	17693
2.868583162217659	9059
2.8684210526315788	11835
2.8684210526315788	17137
2.86784140969163	13965
2.86734693877551	815
2.8666666666666667	10048
2.865979381443299	7931
2.8656716417910446	10025
2.864864864864865	13339
2.8636363636363638	3881
2.863028953229399	17334
2.8629032258064515	1190
2.862317794775581	10109
2.8620689655172415	9735
2.8620689655172415	1898
2.861111111111111	16000
2.86046511627907	10777
2.8596491228070176	4152
2.8596491228070176	10595
2.859550561797753	4966
2.859154929577465	16055
2.8582089552238807	16599
2.857142857142857	2659
2.857142857142857	3584
2.8564356435643563	11952
2.856287425149701	14552
2.8547486033519553	13905
2.8545454545454545	16506
2.854083817681248	16970
2.8533333333333335	5623
2.8523936170212765	10100
2.8508437670114315	5220
2.8503937007874014	14645
2.85	2745
2.85	12396
2.8493659536313567	7899
2.8479087452471483	13154
2.847058823529412	8341
2.8461538461538463	14046
2.8434237995824634	14169
2.843283582089552	790
2.843137254901961	11041
2.8421052631578947	11027
2.8421052631578947	3201
2.839590443686007	5175
2.839080459770115	11177
2.83793410507569	17203
2.8375	6200
2.835294117647059	10404
2.834008097165992	15272
2.8333333333333335	6536
2.8333333333333335	2786
2.8333333333333335	10762
2.8333333333333335	3904
2.8322147651006713	16135
2.831858407079646	1407
2.8317757009345796	6737
2.830769230769231	12700
2.8297872340425534	9612
2.8292682926829267	1340
2.8285714285714287	8260
2.8285714285714287	4619
2.8285714285714287	8896
2.826259946949602	13485
2.8258488499452357	398
2.8253968253968256	13188
2.8253968253968256	583
2.825	10076
2.824487334137515	5342
2.8244274809160306	8594
2.823529411764706	15998
2.8209769402429954	3192
2.8200836820083683	17082
2.8174603174603177	4359
2.813953488372093	16131
2.8135593220338984	16477
2.8125	7011
2.8095238095238093	16398
2.8095238095238093	8458
2.8095238095238093	4574
2.8095238095238093	12864
2.8095238095238093	16916
2.8089171974522293	4935
2.806896551724138	8697
2.806060606060606	9551
2.8059701492537314	11908
2.8051948051948052	2909
2.8048780487804876	5465
2.8035714285714284	12653
2.8028169014084505	13456
2.801526717557252	5123
2.8	1958
2.8	6991
2.8	6285
2.7982456140350878	481
2.7971014492753623	8249
2.796875	10219
2.795918367346939	16820
2.7943262411347516	7466
2.7941176470588234	9697
2.793103448275862	11380
2.7848101265822787	10900
2.783410138248848	7939
2.7794117647058822	14581
2.7777777777777777	11133
2.7759562841530054	2344
2.7734864300626305	2731
2.773049645390071	17344
2.772727272727273	14100
2.7708333333333335	17202
2.7704918032786887	16001
2.768292682926829	17742
2.767258382642998	3316
2.765432098765432	7109
2.7641509433962264	123
2.762962962962963	14793
2.7610619469026547	12604
2.759539236861051	6315
2.759259259259259	13363
2.7586206896551726	154
2.7580645161290325	9720
2.7578947368421054	9568
2.7578947368421054	10006
2.757575757575758	11966
2.757575757575758	9967
2.756892230576441	8919
2.754385964912281	6405
2.7530717986676536	13519
2.752577319587629	13507
2.751238850346878	4283
2.75	13145
2.75	16787
2.75	9404
2.75	11408
2.7472527472527473	13632
2.7450980392156863	11316
2.7450980392156863	4272
2.74468085106383	5785
2.744186046511628	11086
2.744186046511628	6466
2.7435897435897436	10391
2.7435897435897436	5827
2.7410714285714284	11253
2.7395209580838324	8052
2.7386363636363638	8582
2.738095238095238	2036
2.738095238095238	1952
2.738095238095238	8657
2.736842105263158	4032
2.736111111111111	11689
2.735969387755102	15547
2.7358490566037736	15142
2.735294117647059	13682
2.7333333333333334	10992
2.7333333333333334	3861
2.731958762886598	6629
2.730656219392752	15741
2.730188679245283	2235
2.7294213528932354	11340
2.7286821705426356	13438
2.727272727272727	6885
2.727272727272727	10735
2.7252747252747254	13823
2.725	10188
2.7246376811594204	9716
2.7241379310344827	14442
2.722459436379163	4569
2.7222222222222223	10870
2.720812182741117	3889
2.72	14743
2.72	8007
2.719298245614035	6419
2.7176684881602915	15216
2.716417910447761	11339
2.7153284671532845	6446
2.7142857142857144	3351
2.7142857142857144	3722
2.7142857142857144	8718
2.7142857142857144	6743
2.7124749833222146	12679
2.7123893805309733	4647
2.7122641509433962	15946
2.709090909090909	10670
2.70873786407767	13758
2.70873786407767	6356
2.7083333333333335	2629
2.704794916233391	11496
2.704507512520868	5096
2.704301075268817	8200
2.704225352112676	16467
2.7037037037037037	8390
2.7022900763358777	3994
2.7	4737
2.7	5131
2.699738903394256	14551
2.6984126984126986	14380
2.6971830985915495	8920
2.6962025316455698	740
2.693877551020408	14575
2.6933333333333334	7299
2.6923076923076925	1554
2.6911764705882355	17728
2.688888888888889	5979
2.6875	16906
2.687074829931973	9750
2.6859504132231407	9650
2.684303350970018	2658
2.6834117144078666	3862
2.683333333333333	813
2.6831228473019517	16589
2.6828943868050015	10082
2.6792452830188678	5337
2.6790123456790123	14282
2.6790123456790123	6260
2.676470588235294	4750
2.676056338028169	13680
2.6759493670886076	13938
2.675675675675676	6136
2.6748768472906406	2621
2.6732673267326734	1944
2.672727272727273	17394
2.6714285714285713	2042
2.67032967032967	12705
2.6666666666666665	9530
2.6666666666666665	7770
2.6666666666666665	3586
2.6666666666666665	8566
2.665	9855
2.6649145860709593	7442
2.662921348314607	16188
2.6627906976744184	14231
2.661764705882353	12780
2.6615384615384614	3647
2.6601123595505616	6919
2.657142857142857	15726
2.656716417910448	8804
2.65625	6562
2.6557377049180326	6417
2.6545454545454548	14902
2.6538461538461537	4218
2.653658536585366	10089
2.652435961828227	11690
2.652173913043478	7116
2.652173913043478	14932
2.651006711409396	2931
2.6484848484848484	13461
2.6481481481481484	8005
2.6470588235294117	214
2.642857142857143	844
2.641304347826087	14314
2.641025641025641	2232
2.6379310344827585	1188
2.634920634920635	6308
2.634782608695652	12276
2.6341463414634148	7950
2.632156862745098	2316
2.6318897637795278	10522
2.6315789473684212	17255
2.6315789473684212	12496
2.6301369863013697	6338
2.6285714285714286	10572
2.628205128205128	2715
2.627450980392157	16120
2.626614261650758	127
2.625	10034
2.625	11511
2.622448979591837	8352
2.6216216216216215	218
2.6176470588235294	6830
2.6164383561643834	2918
2.6142857142857143	3848
2.6140350877192984	5911
2.6132075471698113	16129
2.6120959332638165	13638
2.6097560975609757	16042
2.6065573770491803	826
2.6065573770491803	3440
2.606060606060606	13911
2.6052631578947367	1192
2.6026785714285716	5766
2.6026666666666665	9343
2.6025641025641026	10659
2.6	14347
2.6	14836
2.5972222222222223	14136
2.59552495697074	8307
2.5942028985507246	4239
2.5925925925925926	5835
2.591666666666667	12957
2.588235294117647	14440
2.587719298245614	8365
2.5865384615384617	5160
2.586374695863747	1845
2.586206896551724	15202
2.586206896551724	14995
2.5850340136054424	1333
2.5737704918032787	11436
2.573529411764706	6611
2.5714285714285716	2678
2.5714285714285716	15842
2.5714285714285716	8220
2.5714285714285716	878
2.5714285714285716	4811
2.5694444444444446	15213
2.5692307692307694	2807
2.5688073394495414	12472
2.5673076923076925	10237
2.566666666666667	11048
2.5625	10780
2.5609756097560976	11723
2.5609756097560976	9107
2.559322033898305	207
2.5590355013791264	1289
2.5588235294117645	13590
2.5555555555555554	1388
2.5555555555555554	3271
2.5538461538461537	16488
2.5517241379310347	7255
2.5517241379310347	11235
2.5483870967741935	9989
2.5476190476190474	13664
2.5476190476190474	440
2.546875	15060
2.546153846153846	6481
2.5454545454545454	11766
2.5421686746987953	1896
2.5416666666666665	15478
2.5416666666666665	6894
2.540983606557377	2995
2.539473684210526	13360
2.5354330708661417	12189
2.5354150799695354	16283
2.5353535353535355	7132
2.5348837209302326	15809
2.533333333333333	8002
2.533333333333333	450
2.533333333333333	16035
2.5319148936170213	10555
2.5317460317460316	16112
2.53125	11159
2.5308641975308643	8706
2.5294117647058822	9953
2.5285714285714285	15695
2.5283018867924527	5157
2.5277777777777777	16256
2.5272727272727273	14290
2.5272727272727273	7822
2.526178010471204	5604
2.5257731958762886	10248
2.5257452574525745	761
2.524193548387097	2193
2.5238095238095237	6678
2.5238095238095237	16422
2.5229885057471266	6250
2.521865889212828	15150
2.5172413793103448	8207
2.5161290322580645	8738
2.5142857142857142	3094
2.511627906976744	13218
2.5106382978723403	5966
2.510204081632653	14329
2.5098039215686274	4645
2.509433962264151	4329
2.508771929824561	6358
2.5084745762711864	7768
2.5084745762711864	10978
2.5081967213114753	15005
2.507936507936508	16132
2.5075528700906347	17556
2.5074626865671643	1343
2.5072463768115942	11288
2.5	12284
2.5	9093
2.5	12863
2.5	17068
2.5	10540
2.5	4637
2.5	10194
2.4932432432432434	779
2.4925373134328357	15192
2.49010989010989	5474
2.4895104895104896	1464
2.4891774891774894	5568
2.4878048780487805	14469
2.484848484848485	11418
2.484375	6668
2.4827586206896552	6390
2.482142857142857	11951
2.4814814814814814	13137
2.480769230769231	3257
2.4782608695652173	12510
2.47678369195923	3196
2.4761904761904763	12419
2.4761904761904763	9885
2.475609756097561	15670
2.4732142857142856	15610
2.4727272727272727	8628
2.4727272727272727	7527
2.4722222222222223	6252
2.4710743801652892	1807
2.4705882352941178	13861
2.4705882352941178	16018
2.46875	6137
2.466666666666667	17660
2.466666666666667	16277
2.466666666666667	15993
2.466666666666667	64
2.4651162790697674	318
2.4642857142857144	12117
2.463768115942029	17326
2.4634146341463414	3891
2.4615384615384617	1122
2.4615384615384617	14077
2.4545454545454546	827
2.4545454545454546	14324
2.452724885095207	2675
2.4516129032258065	7329
2.4477611940298507	15763
2.4473684210526314	16243
2.4473684210526314	855
2.4469525959367946	323
2.4440677966101694	2565
2.440677966101695	4901
2.4375	6140
2.4375	13235
2.4358974358974357	2569
2.435483870967742	11867
2.4339622641509435	8422
2.433333333333333	888
2.4285714285714284	12199
2.425	6069
2.4242424242424243	9744
2.4242424242424243	10843
2.423076923076923	7236
2.422360248447205	14292
2.4210526315789473	2969
2.418181818181818	16830
2.4166666666666665	10368
2.4153846153846152	8435
2.4150943396226414	7075
2.4148862853204687	9518
2.4146341463414633	6889
2.4130434782608696	1522
2.4122137404580153	1078
2.411764705882353	7512
2.411764705882353	4095
2.411764705882353	7503
2.4081632653061225	946
2.406779661016949	4921
2.404255319148936	11312
2.4	5311
2.4	14462
2.4	2718
2.397727272727273	578
2.397727272727273	557
2.3958333333333335	11395
2.3943661971830985	6289
2.3917525773195876	17466
2.391304347826087	15536
2.391304347826087	2298
2.3902439024390243	140
2.3902439024390243	4556
2.388059701492537	7339
2.3859649122807016	61
2.382978723404255	1951
2.382978723404255	4742
2.381679389312977	16988
2.380952380952381	7838
2.380952380952381	13828
2.380281690140845	14354
2.3793103448275863	15135
2.376470588235294	8766
2.375	15661
2.375	9632
2.372549019607843	16451
2.372093023255814	1903
2.3714285714285714	3658
2.3714285714285714	1430
2.3710181136789505	2356
2.3666666666666667	11513
2.3615384615384616	11510
2.358490566037736	6276
2.3580246913580245	7084
2.3529411764705883	594
2.3488372093023258	8495
2.3484848484848486	12455
2.3461538461538463	6998
2.3461538461538463	11232
2.3404255319148937	10826
2.338709677419355	8661
2.3333333333333335	8058
2.3333333333333335	14255
2.3333333333333335	13531
2.3333333333333335	12606
2.325	6480
2.323529411764706	2504
2.323529411764706	5729
2.32183908045977	15527
2.3214285714285716	735
2.32	7068
2.3191489361702127	8921
2.3157894736842106	7061
2.3142857142857145	541
2.310344827586207	43
2.310344827586207	1054
2.31	7136
2.3095238095238093	222
2.3043478260869565	8182
2.3043478260869565	6257
2.302828618968386	2116
2.302521008403361	15754
2.301948051948052	2432
2.297872340425532	13677
2.2948717948717947	3874
2.2916666666666665	12133
2.290909090909091	14594
2.2830188679245285	10663
2.2830188679245285	10462
2.280701754385965	3878
2.2790697674418605	6354
2.278688524590164	14962
2.2777777777777777	2343
2.276923076923077	8537
2.2710843373493974	7518
2.2698412698412698	7567
2.265625	6839
2.2641509433962264	6121
2.2641509433962264	14279
2.263157894736842	13262
2.257575757575758	5790
2.253846153846154	9550
2.25	2642
2.25	1993
2.25	7901
2.25	15413
2.246740547588005	1100
2.2448979591836733	2058
2.236842105263158	9930
2.2325581395348837	3298
2.2314814814814814	7726
2.230769230769231	10187
2.227272727272727	10108
2.227272727272727	4538
2.2222222222222223	9730
2.2222222222222223	7802
2.2222222222222223	1841
2.216666666666667	11866
2.2162162162162162	4837
2.2142857142857144	2604
2.2051282051282053	14625
2.203125	9186
2.202714164546226	13059
2.1971830985915495	2438
2.192982456140351	9602
2.1875	16456
2.1818181818181817	15074
2.1794871794871793	12936
2.1791044776119404	13817
2.1707317073170733	16726
2.168067226890756	16933
2.1666666666666665	17534
2.161290322580645	7033
2.16	5641
2.1587301587301586	4023
2.1481481481481484	2560
2.1470588235294117	12733
2.142857142857143	13150
2.142857142857143	9167
2.14	11011
2.1384615384615384	66
2.130434782608696	11757
2.127659574468085	8023
2.122448979591837	7458
2.1219512195121952	11009
2.12	4880
2.12	14470
2.1176470588235294	6537
2.111111111111111	13299
2.108108108108108	1091
2.1052631578947367	669
2.1	6277
2.0952380952380953	2667
2.090909090909091	15951
2.088235294117647	4986
2.084507042253521	17232
2.0783132530120483	13215
2.074074074074074	13431
2.0727272727272728	9897
2.0714285714285716	11319
2.064516129032258	17689
2.0611570247933884	7587
2.0545454545454547	2616
2.0495049504950495	7063
2.0483870967741935	11657
2.0454545454545454	1966
2.04	16761
2.04	11054
2.0384615384615383	1268
2.02803738317757	11294
2.02803738317757	3655
2.024390243902439	9401
2.021276595744681	7921
2.020348837209302	7418
2.018867924528302	16999
2.0185185185185186	6103
2.0144927536231885	4076
2.0	11536
2.0	13589
2.0	10415
2.0	5098
2.0	11344
2.0	8268
2.0	17065
2.0	2562
2.0	15510
2.0	16576
2.0	15175
2.0	13464
1.9787234042553192	14099
1.9787234042553192	15391
1.9775280898876404	9719
1.9726027397260273	4694
1.967373572593801	4394
1.9666666666666666	276
1.9589041095890412	8401
1.9583333333333333	1059
1.9545454545454546	2313
1.9534883720930232	16950
1.9382716049382716	16762
1.9345794392523366	11631
1.9259259259259258	8491
1.9130434782608696	6975
1.8888888888888888	8798
1.8780487804878048	11493
1.8775510204081634	17551
1.864864864864865	16122
1.8571428571428572	15961
1.8478260869565217	16613
1.8392857142857142	13305
1.8275862068965518	1205
1.8205128205128205	15438
1.7926829268292683	9600
1.7857142857142858	4875
1.7555555555555555	13769
1.7532467532467533	4544
1.7439024390243902	6208
1.7307692307692308	14957
1.7272727272727273	17124
1.7261904761904763	12123
1.7209302325581395	3189
1.6756756756756757	5159
1.675	7089
1.6379310344827587	6363
1.6285714285714286	15083
1.6162790697674418	14775
1.6129032258064515	9696
1.5737704918032787	1924
1.558139534883721	12887
1.558139534883721	11686
1.5357142857142858	14740
1.4672897196261683	15687
